n=4
count=199
#1
0 1
0 2
0 3
#2
0 2
0 3
1 0
#3
0 1
0 2
0 3
1 0
#4
0 1
0 3
1 2
#5
0 2
0 3
1 2
#6
0 1
0 2
0 3
1 2
#7
0 1
0 3
1 0
1 2
#8
0 2
0 3
1 0
1 2
#9
0 1
0 2
0 3
1 0
1 2
#10
0 2
0 3
1 2
1 3
#11
0 1
0 2
0 3
1 2
1 3
#12
0 1
0 2
0 3
1 0
1 2
1 3
#13
0 3
1 0
2 0
#14
0 1
0 3
1 0
2 0
#15
0 1
0 2
0 3
1 0
2 0
#16
0 3
1 2
2 0
#17
0 1
0 3
1 2
2 0
#18
0 2
0 3
2 0
1 2
#19
0 1
0 2
0 3
1 2
2 0
#20
0 3
1 0
1 2
2 0
#21
0 1
0 3
1 0
1 2
2 0
#22
0 2
0 3
2 0
1 0
1 2
#23
0 1
0 2
0 3
1 0
1 2
2 0
#24
0 1
0 2
1 3
2 0
#25
0 3
1 3
2 0
#26
0 1
0 3
1 3
2 0
#27
0 2
0 3
2 0
1 3
#28
0 1
0 2
0 3
1 3
2 0
#29
0 2
2 0
1 0
1 3
#30
0 1
0 2
1 0
1 3
2 0
#31
0 3
1 0
1 3
2 0
#32
0 1
0 3
1 0
1 3
2 0
#33
0 2
0 3
2 0
1 0
1 3
#34
0 1
0 2
0 3
1 0
1 3
2 0
#35
0 1
0 2
1 2
1 3
2 0
#36
0 3
1 2
1 3
2 0
#37
0 1
0 3
1 2
1 3
2 0
#38
0 2
0 3
2 0
1 2
1 3
#39
0 1
0 2
0 3
1 2
1 3
2 0
#40
0 2
2 0
1 0
1 2
1 3
#41
0 1
0 2
1 0
1 2
1 3
2 0
#42
0 3
1 0
1 2
1 3
2 0
#43
0 1
0 3
1 0
1 2
1 3
2 0
#44
0 2
0 3
2 0
1 0
1 2
1 3
#45
0 1
0 2
0 3
1 0
1 2
1 3
2 0
#46
0 3
1 0
1 2
2 0
2 1
#47
0 1
0 3
1 0
1 2
2 0
2 1
#48
0 1
0 2
0 3
1 0
1 2
2 0
2 1
#49
0 3
1 3
2 0
2 1
#50
0 1
0 3
1 3
2 0
2 1
#51
0 2
0 3
2 0
2 1
1 3
#52
0 1
0 2
0 3
1 3
2 0
2 1
#53
0 1
0 3
1 0
1 3
2 0
2 1
#54
0 2
0 3
2 0
2 1
1 0
1 3
#55
0 1
0 2
0 3
1 0
1 3
2 0
2 1
#56
0 2
0 3
2 0
2 1
1 2
1 3
#57
0 1
0 2
0 3
1 2
1 3
2 0
2 1
#58
0 1
0 2
0 3
1 0
1 2
1 3
2 0
2 1
#59
0 3
1 3
2 3
#60
0 1
0 3
1 3
2 3
#61
0 1
0 2
0 3
1 3
2 3
#62
0 1
0 3
1 0
1 3
2 3
#63
0 2
0 3
2 3
1 0
1 3
#64
0 1
0 2
0 3
1 0
1 3
2 3
#65
0 2
0 3
2 3
1 2
1 3
#66
0 1
0 2
0 3
1 2
1 3
2 3
#67
0 1
0 2
0 3
1 0
1 2
1 3
2 3
#68
0 1
0 3
1 0
1 3
2 0
2 3
#69
0 1
0 2
0 3
1 0
1 3
2 0
2 3
#70
0 1
0 3
1 2
1 3
2 0
2 3
#71
0 1
0 2
0 3
1 2
1 3
2 0
2 3
#72
0 2
0 3
2 0
2 3
1 0
1 2
1 3
#73
0 1
0 2
0 3
1 0
1 2
1 3
2 0
2 3
#74
0 1
0 2
0 3
1 0
1 2
1 3
2 0
2 1
2 3
#75
0 1
1 0
2 0
3 0
#76
0 1
0 2
1 0
2 0
3 0
#77
0 1
0 2
0 3
1 0
2 0
3 0
#78
0 1
1 2
2 0
3 0
#79
0 2
2 0
1 2
3 0
#80
0 1
0 2
1 2
2 0
3 0
#81
0 3
3 0
1 2
2 0
#82
0 1
0 3
1 2
3 0
2 0
#83
0 2
0 3
2 0
3 0
1 2
#84
0 1
0 2
0 3
1 2
2 0
3 0
#85
0 1
1 0
1 2
2 0
3 0
#86
0 2
2 0
1 0
1 2
3 0
#87
0 1
0 2
1 0
1 2
2 0
3 0
#88
0 3
3 0
1 0
1 2
2 0
#89
0 1
0 3
1 0
1 2
3 0
2 0
#90
0 2
0 3
2 0
3 0
1 0
1 2
#91
0 1
0 2
0 3
1 0
1 2
2 0
3 0
#92
0 1
1 2
1 3
2 0
3 0
#93
0 2
2 0
1 2
1 3
3 0
#94
0 1
0 2
1 2
1 3
2 0
3 0
#95
0 2
0 3
2 0
3 0
1 2
1 3
#96
0 1
0 2
0 3
1 2
1 3
2 0
3 0
#97
0 1
1 0
1 2
1 3
2 0
3 0
#98
0 2
2 0
1 0
1 2
1 3
3 0
#99
0 1
0 2
1 0
1 2
1 3
2 0
3 0
#100
0 2
0 3
2 0
3 0
1 0
1 2
1 3
#101
0 1
0 2
0 3
1 0
1 2
1 3
2 0
3 0
#102
0 1
0 2
1 2
2 1
3 0
#103
0 1
0 3
1 2
3 0
2 1
#104
0 1
0 2
0 3
1 2
2 1
3 0
#105
0 2
2 1
1 0
1 2
3 0
#106
0 1
0 2
1 0
1 2
2 1
3 0
#107
0 1
0 3
1 0
1 2
3 0
2 1
#108
0 2
0 3
2 1
3 0
1 0
1 2
#109
0 1
0 2
0 3
1 0
1 2
2 1
3 0
#110
0 2
2 1
1 3
3 0
#111
0 1
0 2
1 3
2 1
3 0
#112
0 2
0 3
2 1
3 0
1 3
#113
0 1
0 2
0 3
1 3
2 1
3 0
#114
0 1
0 2
1 0
1 3
2 1
3 0
#115
0 2
0 3
2 1
3 0
1 0
1 3
#116
0 1
0 2
0 3
1 0
1 3
2 1
3 0
#117
0 2
0 3
2 1
3 0
1 2
1 3
#118
0 1
0 2
0 3
1 2
1 3
2 1
3 0
#119
0 1
0 2
0 3
1 0
1 2
1 3
2 1
3 0
#120
0 1
1 0
1 2
2 0
2 1
3 0
#121
0 1
0 2
1 0
1 2
2 0
2 1
3 0
#122
0 3
3 0
1 0
1 2
2 0
2 1
#123
0 1
0 3
1 0
1 2
3 0
2 0
2 1
#124
0 1
0 2
0 3
1 0
1 2
2 0
2 1
3 0
#125
0 1
1 3
3 0
2 0
2 1
#126
0 1
0 2
1 3
2 0
2 1
3 0
#127
0 1
0 3
1 3
3 0
2 0
2 1
#128
0 2
0 3
2 0
2 1
3 0
1 3
#129
0 1
0 2
0 3
1 3
2 0
2 1
3 0
#130
0 1
1 0
1 3
3 0
2 0
2 1
#131
0 2
2 0
2 1
1 0
1 3
3 0
#132
0 1
0 2
1 0
1 3
2 0
2 1
3 0
#133
0 3
3 0
1 0
1 3
2 0
2 1
#134
0 1
0 3
1 0
1 3
3 0
2 0
2 1
#135
0 2
0 3
2 0
2 1
3 0
1 0
1 3
#136
0 1
0 2
0 3
1 0
1 3
2 0
2 1
3 0
#137
0 1
1 2
1 3
2 0
2 1
3 0
#138
0 1
0 2
1 2
1 3
2 0
2 1
3 0
#139
0 3
3 0
1 2
1 3
2 0
2 1
#140
0 1
0 3
1 2
1 3
3 0
2 0
2 1
#141
0 2
0 3
2 0
2 1
3 0
1 2
1 3
#142
0 1
0 2
0 3
1 2
1 3
2 0
2 1
3 0
#143
0 1
1 0
1 2
1 3
2 0
2 1
3 0
#144
0 2
2 0
2 1
1 0
1 2
1 3
3 0
#145
0 1
0 2
1 0
1 2
1 3
2 0
2 1
3 0
#146
0 3
3 0
1 0
1 2
1 3
2 0
2 1
#147
0 1
0 3
1 0
1 2
1 3
3 0
2 0
2 1
#148
0 2
0 3
2 0
2 1
3 0
1 0
1 2
1 3
#149
0 1
0 2
0 3
1 0
1 2
1 3
2 0
2 1
3 0
#150
0 1
0 2
1 2
1 3
2 3
3 0
#151
0 2
0 3
2 3
3 0
1 2
1 3
#152
0 1
0 2
0 3
1 2
1 3
2 3
3 0
#153
0 2
2 3
1 0
1 2
1 3
3 0
#154
0 1
0 2
1 0
1 2
1 3
2 3
3 0
#155
0 2
0 3
2 3
3 0
1 0
1 2
1 3
#156
0 1
0 2
0 3
1 0
1 2
1 3
2 3
3 0
#157
0 1
0 2
1 0
1 3
2 0
2 3
3 0
#158
0 3
3 0
1 0
1 3
2 0
2 3
#159
0 1
0 3
1 0
1 3
3 0
2 0
2 3
#160
0 1
0 2
0 3
1 0
1 3
2 0
2 3
3 0
#161
0 1
0 2
1 2
1 3
2 0
2 3
3 0
#162
0 1
0 3
1 2
1 3
3 0
2 0
2 3
#163
0 2
0 3
2 0
2 3
3 0
1 2
1 3
#164
0 1
0 2
0 3
1 2
1 3
2 0
2 3
3 0
#165
0 1
0 2
1 0
1 2
1 3
2 0
2 3
3 0
#166
0 3
3 0
1 0
1 2
1 3
2 0
2 3
#167
0 1
0 3
1 0
1 2
1 3
3 0
2 0
2 3
#168
0 2
0 3
2 0
2 3
3 0
1 0
1 2
1 3
#169
0 1
0 2
0 3
1 0
1 2
1 3
2 0
2 3
3 0
#170
0 1
0 2
1 2
1 3
2 1
2 3
3 0
#171
0 1
0 3
1 2
1 3
3 0
2 1
2 3
#172
0 1
0 2
0 3
1 2
1 3
2 1
2 3
3 0
#173
0 1
0 2
1 0
1 2
1 3
2 1
2 3
3 0
#174
0 1
0 3
1 0
1 2
1 3
3 0
2 1
2 3
#175
0 2
0 3
2 1
2 3
3 0
1 0
1 2
1 3
#176
0 1
0 2
0 3
1 0
1 2
1 3
2 1
2 3
3 0
#177
0 1
0 2
1 0
1 2
1 3
2 0
2 1
2 3
3 0
#178
0 3
3 0
1 0
1 2
1 3
2 0
2 1
2 3
#179
0 1
0 3
1 0
1 2
1 3
3 0
2 0
2 1
2 3
#180
0 1
0 2
0 3
1 0
1 2
1 3
2 0
2 1
2 3
3 0
#181
0 1
0 2
1 0
1 2
2 0
2 1
3 0
3 1
#182
0 1
0 3
1 0
1 2
3 0
3 1
2 0
2 1
#183
0 2
0 3
2 0
2 1
3 0
3 1
1 0
1 2
#184
0 1
0 2
0 3
1 0
1 2
2 0
2 1
3 0
3 1
#185
0 2
0 3
2 0
2 1
3 0
3 1
1 2
1 3
#186
0 1
0 2
0 3
1 2
1 3
2 0
2 1
3 0
3 1
#187
0 1
0 2
0 3
1 0
1 2
1 3
2 0
2 1
3 0
3 1
#188
0 1
0 2
1 0
1 2
2 0
2 3
3 0
3 1
#189
0 1
0 2
0 3
1 0
1 2
2 0
2 3
3 0
3 1
#190
0 1
0 2
1 2
1 3
2 0
2 3
3 0
3 1
#191
0 1
0 2
0 3
1 2
1 3
2 0
2 3
3 0
3 1
#192
0 1
0 3
1 0
1 2
1 3
3 0
3 1
2 0
2 3
#193
0 2
0 3
2 0
2 3
3 0
3 1
1 0
1 2
1 3
#194
0 1
0 2
0 3
1 0
1 2
1 3
2 0
2 3
3 0
3 1
#195
0 1
0 3
1 0
1 3
3 0
3 1
2 0
2 1
2 3
#196
0 1
0 2
0 3
1 0
1 3
2 0
2 1
2 3
3 0
3 1
#197
0 1
0 2
0 3
1 2
1 3
2 0
2 1
2 3
3 0
3 1
#198
0 1
0 2
0 3
1 0
1 2
1 3
2 0
2 1
2 3
3 0
3 1
#199
0 1
0 2
0 3
1 0
1 2
1 3
2 0
2 1
2 3
3 0
3 1
3 2
